               1257.60
               1277.06
               1277.30
               1281.06
               1277.81
               1280.70
               1292.08
               1292.48
               1295.50
               1289.09
               1293.67
               1308.04
               1314.50
               1315.38
               1316.00
               1314.65
               1326.05
               1318.43
               1316.33
               1313.01
               1312.41
               1324.09
               1325.54
               1344.90
               1344.33
               1347.05
               1349.96
               1351.95
               1342.64
               1351.77
               1350.50
               1343.23
               1358.04
               1361.23
               1362.21
               1357.66
               1363.46
               1365.74
               1367.59
               1372.18
               1365.68
               1374.09
               1369.63
               1364.33
               1343.36
               1352.63
               1365.91
               1370.87
               1371.09
               1395.95
               1394.28
               1402.60
               1404.17
               1409.75
               1405.52
               1402.89
               1392.78
               1397.11
               1416.51
               1412.52
               1405.54
               1403.28
               1408.47
               1419.04
               1413.38
               1398.96
               1398.08
               1382.20
               1358.59
               1368.71
               1387.57
               1370.26
               1369.57
               1390.78
               1385.14
               1376.92
               1378.53
               1366.94
               1371.97
               1390.69
               1399.98
               1403.36
               1397.91
               1405.82
               1402.31
               1391.57
               1369.10
               1369.58
               1363.72
               1354.58
               1357.99
               1353.39
               1338.35
               1330.66
               1324.80
               1304.86
               1295.22
               1315.99
               1316.63
               1318.86
               1320.68
               1317.82
               1332.42
               1313.32
               1310.33
               1278.04
               1278.18
               1285.50
               1315.13
               1314.99
               1325.66
               1308.93
               1324.18
               1314.88
               1329.10
               1342.84
               1344.78
               1357.98
               1355.69
               1325.51
               1335.02
               1313.72
               1319.99
               1331.85
               1329.04
               1362.16
               1365.51
               1374.02
               1367.58
               1354.68
               1352.46
               1341.47
               1341.45
               1334.76
               1356.78
               1353.64
               1363.67
               1372.78
               1376.51
               1362.66
               1350.52
               1338.31
               1337.89
               1360.02
               1385.97
               1385.30
               1379.32
               1375.14
               1365.00
               1390.99
               1394.23
               1401.35
               1402.22
               1402.80
               1405.87
               1404.11
               1403.93
               1405.53
               1415.51
               1418.16
               1418.13
               1413.17
               1413.49
               1402.08
               1411.13
               1410.44
               1409.30
               1410.49
               1399.48
               1406.58
               1404.94
               1403.44
               1432.12
               1437.92
               1429.08
               1433.56
               1436.56
               1459.99
               1465.77
               1461.19
               1459.32
               1461.05
               1460.26
               1460.15
               1456.89
               1441.59
               1433.32
               1447.15
               1440.67
               1444.49
               1445.75
               1450.99
               1461.40
               1460.93
               1455.88
               1441.48
               1432.56
               1432.84
               1428.59
               1440.13
               1454.92
               1460.91
               1457.34
               1433.19
               1433.82
               1413.11
               1408.75
               1412.97
               1411.94
               1412.16
               1427.59
               1414.20
               1417.26
               1428.39
               1394.53
               1377.51
               1379.85
               1380.03
               1374.53
               1355.49
               1353.33
               1359.88
               1386.89
               1387.81
               1391.03
               1409.15
               1406.29
               1398.94
               1409.93
               1415.95
               1416.18
               1409.46
               1407.05
               1409.28
               1413.94
               1418.07
               1418.55
               1427.84
               1428.48
               1419.45
               1413.58
               1430.36
               1446.79
               1435.81
               1443.69
               1430.15
               1426.66
               1419.83
               1418.10
               1402.43
               1426.19