63 0 70
69 0 71
58 0 71
61 1 70
70 0 70
68 0 69
72 0 68
70 0 69
71 0 70
71 0 70
70 0 69
69 0 70
70 0 69
69 0 68
77 0 70
66 0 70
69 0 67
77 0 69
71 0 67
73 0 71
74 0 69
50 0 70
53 1 69
67 0 71
69 0 68
73 0 68
57 1 68
63 0 69
79 0 66
69 1 70
65 0 67
60 0 70
68 0 69
65 0 70
72 0 68
70 0 69
72 0 68
64 0 70
72 0 68
78 0 67
60 1 61
66 0 68
68 0 71
55 1 70
70 0 70
75 0 70
55 1 69
71 0 69
57 1 71
68 0 70
72 0 67
62 0 68
66 0 69
70 0 69
67 0 71
68 0 66
57 1 69
67 0 70
69 0 71
67 0 70
62 1 66
58 0 67
66 0 69
68 0 70
57 1 69
71 0 69
60 1 69
69 0 69
72 0 68
68 0 69
78 0 70
71 0 67
76 0 71
60 0 69
77 0 68
55 0 69
75 0 67
75 0 70
60 1 69
68 0 71
60 0 72
78 0 70
52 0 71
58 0 70
64 0 69
57 1 69
80 0 69
75 0 69
63 1 67
71 0 71
59 1 68
63 0 69
77 0 71
75 0 70
70 0 69
70 0 68
71 0 68
69 0 71
74 0 69
70 0 69
71 0 65
49 1 68
78 0 70
70 0 69
71 0 68
71 0 68
62 0 69
69 0 70
67 0 70
69 0 69
55 0 72
71 0 66
69 0 72
73 0 74
61 0 70
67 0 67
39 0 68
56 1 71
74 0 69
53 1 68
76 0 70
70 0 70
77 0 62
66 0 73
78 0 68
63 0 71
74 0 70
68 0 71
49 1 69
79 0 69
71 0 69
62 0 67
72 0 68
72 0 69
67 0 67
70 0 69
62 1 69
74 1 72
83 0 72
53 0 70
54 0 69
64 0 70
78 0 69
75 0 69
67 0 70
53 0 69
65 0 69
71 0 71
66 0 69
79 0 69
66 1 71
52 1 70
72 0 69
75 0 71
69 0 69
72 0 69
62 0 68
72 0 70
57 1 68
66 0 67
73 0 67
60 1 70
73 0 67
74 0 70
65 0 68
78 0 68
72 0 70
70 1 72
71 0 68
72 0 69
65 0 70
25 0 70
66 0 60
67 0 69
66 0 66
65 0 70
56 1 70
65 0 70
70 0 66
75 0 72
48 0 69
61 0 68
72 0 68
73 0 68
69 0 68
79 0 71
79 0 69
74 0 71
64 0 66
76 0 68
64 1 68
60 0 70
75 0 67
62 1 67
66 0 69
63 1 69
77 0 72
46 0 66
65 0 67
72 0 69
73 0 68
68 0 70
66 0 67
62 0 68
72 0 70
63 0 70
74 0 66
58 0 70
69 0 69
67 0 71
52 0 69
66 0 67
73 0 71
57 1 67
72 0 69
64 0 64
62 0 69
69 0 70
72 0 70
76 0 69
72 0 69
72 0 68
74 0 72
70 0 69
58 0 69
66 0 68
73 0 70
